620
650
710
710
770
790
790
790
840
880
900
900
900
900
900
900
910
940
940
950
960
970
970
990
1000
1010
1020
1060
1090
1110
1110
1110
1130
1160
1160
1170
1200
1210
1210
1210
1230
1230
1240
1250
1250
1270
1270
1270
1280
1280
1290
1300
1320
1330
1350
1350
1350
1380
1390
1400
1410
1410
1410
1420
1430
1440
1450
1460
1460
1460
1470
1470
1480
1480
1490
1510
1510
1510
1530
1540
1550
1560
1570
1570
1580
1580
1590
1590
1600
1600
1600
1610
1620
1620
1630
1640
1640
1650
1650
1650
1650
1660
1660
1690
1690
1700
1700
1710
1720
1720
1720
1720
1730
1730
1730
1730
1730
1730
1730
1730
1730
1730
1730
1730
1740
1740
1740
1750
1750
1750
1750
1750
1760
1760
1770
1770
1770
1780
1780
1780
1780
1780
1780
1780
1800
1800
1800
1800
1800
1800
1800
1810
1810
1810
1820
1820
1840
1840
1840
1850
1850
1850
1860
1870
1870
1870
1900
1900
1910
1910
1920
1920
1920
1930
1930
1930
1930
1930
1930
1930
1930
1930
1930
1930
1930
1930
1930
1930
1930
1930
1930
1940
1940
1940
1940
1950
1950
1970
1980
1980
1980
1990
1990
1990
2000
2000
2010
2010
2020
2020
2020
2040
2040
2040
2050
2050
2050
2060
2060
2060
2060
2060
2070
2070
2080
2080
2090
2090
2090
2100
2100
2110
2110
2120
2130
2130
2130
2130
2130
2130
2140
2140
2140
2140
2140
2140
2150
2160
2160
2170
2180
2180
2180
2180
2180
2180
2180
2180
2190
2200
2200
2200
2200
2200
2200
2200
2200
2200
2210
2210
2210
2210
2210
2210
2220
2230
2230
2240
2240
2240
2240
2240
2250
2250
2250
2260
2260
2260
2270
2270
2270
2270
2270
2270
2270
2270
2270
2280
2280
2290
2290
2300
2300
2300
2300
2300
2310
2310
2310
2310
2320
2320
2320
2320
2320
2330
2330
2330
2330
2330
2330
2330
2330
2330
2330
2330
2330
2340
2340
2340
2340
2340
2350
2350
2350
2350
2350
2360
2360
2360
2360
2360
2360
2360
2360
2360
2360
2360
2360
2360
2370
2370
2370
2370
2370
2370
2370
2380
2380
2380
2390
2390
2390
2390
2390
2400
2400
2410
2410
2410
2410
2410
2420
2430
2430
2440
2450
2450
2450
2450
2450
2460
2460
2460
2470
2470
2470
2470
2470
2470
2470
2480
2480
2490
2490
2500
2500
2500
2510
2510
2510
2510
2520
2530
2530
2530
2530
2530
2530
2530
2530
2540
2540
2540
2540
2540
2540
2540
2540
2550
2550
2560
2560
2560
2560
2560
2560
2560
2560
2570
2580
2580
2580
2590
2590
2600
2600
2610
2610
2610
2610
2610
2640
2640
2650
2650
2650
2650
2660
2660
2670
2670
2670
2680
2690
2690
2700
2700
2700
2710
2710
2720
2730
2730
2740
2740
2740
2740
2750
2750
2760
2760
2770
2770
2770
2770
2780
2780
2780
2790
2790
2800
2800
2800
2810
2810
2810
2810
2810
2820
2830
2830
2830
2830
2840
2840
2850
2850
2860
2860
2860
2860
2870
2870
2870
2870
2870
2870
2880
2880
2880
2890
2890
2890
2890
2890
2910
2920
2920
2920
2930
2930
2930
2930
2930
2930
2940
2940
2940
2940
2940
2940
2960
2960
2960
2970
2980
2980
2980
2980
2980
2980
2980
2990
2990
2990
3000
3010
3010
3010
3010
3010
3010
3010
3020
3020
3020
3030
3040
3060
3060
3060
3070
3070
3070
3070
3080
3080
3090
3090
3120
3120
3120
3120
3120
3130
3130
3130
3130
3130
3130
3140
3140
3140
3140
3140
3140
3140
3150
3160
3160
3160
3180
3180
3180
3180
3180
3180
3180
3190
3210
3210
3210
3210
3220
3240
3240
3240
3240
3240
3240
3240
3250
3250
3260
3270
3270
3270
3280
3280
3290
3290
3290
3290
3290
3300
3300
3310
3310
3320
3330
3330
3330
3330
3340
3340
3340
3350
3350
3350
3350
3350
3360
3360
3370
3380
3380
3380
3380
3390
3400
3400
3410
3410
3410
3410
3420
3440
3440
3450
3450
3450
3450
3460
3480
3480
3480
3480
3490
3490
3490
3510
3520
3520
3520
3530
3530
3540
3550
3550
3560
3560
3560
3560
3560
3570
3570
3570
3570
3570
3580
3580
3580
3580
3590
3600
3600
3610
3610
3610
3610
3620
3630
3640
3640
3650
3650
3660
3670
3670
3670
3690
3700
3710
3720
3720
3720
3730
3730
3740
3750
3760
3760
3760
3770
3770
3770
3770
3780
3790
3790
3790
3800
3800
3800
3810
3810
3810
3820
3830
3830
3830
3840
3840
3850
3850
3850
3850
3860
3870
3870
3870
3870
3890
3890
3890
3910
3920
3920
3930
3930
3940
3940
3940
3940
3950
3950
3950
3960
3970
3980
3990
3990
3990
3990
3990
4010
4010
4010
4010
4010
4020
4040
4040
4070
4080
4090
4090
4100
4100
4110
4120
4130
4140
4150
4150
4160
4160
4170
4190
4190
4210
4210
4210
4210
4230
4230
4240
4240
4240
4260
4260
4290
4290
4300
4310
4310
4320
4330
4330
4340
4350
4370
4380
4380
4390
4390
4400
4400
4410
4420
4430
4430
4430
4430
4440
4460
4460
4470
4490
4510
4540
4550
4570
4580
4590
4600
4610
4620
4630
4640
4640
4670
4690
4690
4700
4730
4740
4750
4750
4770
4790
4800
4810
4810
4820
4820
4830
4840
4850
4860
4860
4870
4870
4880
4880
4890
4900
4910
4920
4930
4940
4940
4950
4950
4950
4980
5010
5020
5020
5030
5050
5060
5080
5090
5090
5100
5100
5130
5160
5160
5180
5180
5190
5190
5200
5220
5250
5260
5300
5300
5320
5330
5330
5340
5340
5360
5360
5370
5370
5380
5380
5380
5380
5410
5410
5440
5440
5470
5530
5550
5610
5610
5610
5620
5620
5690
5700
5700
5740
5750
5790
5810
5830
5840
5860
5880
5900
5900
5910
5930
5960
5980
6000
6030
6040
6070
6140
6140
6160
6170
6230
6260
6280
6290
6380
6390
6410
6410
6490
6500
6530
6540
6580
6590
6600
6620
6660
6660
6680
6780
6840
6870
6970
7000
7030
7070
7100
7120
7370
7700
7760
7840
8090
8200
8280
8560
9030
9150
9940
