2080
2340
2620
3090
3090
3090
3140
3150
3280
3340
3390
3420
3540
3570
3650
3770
3780
3840
3990
4050
4090
4140
4170
4220
4250
4290
4370
4420
4470
4530
4630
4690
4690
4840
4890
4920
5360
5480
5540
5550
5700
5720
5750
5760
5790
5830
5890
5910
5910
5970
6020
6150
6290
6450
6480
6530
6610
6780
6930
6960
7130
7130
7230
7280
7330
7380
7380
7550
7630
7700
7920
8020
8100
8380
8540
8560
8640
8680
8770
8780
8900
9120
9180
9210
9310
9350
9380
9490
9500
9530
9550
11570
12840
14140
14140
14890
15090
17470
17680
19900
3520
3540
3750
3770
3960
4000
4520
5190
5330
5400
5760
5970
6040
6230
6430
6470
6480
6570
6820
6830
6910
6910
7140
7150
7200
7410
7770
7880
8170
8420
8530
8570
8810
8980
9150
9460
9540
9770
9960
10290
10310
10730
10730
11520
12470
12670
12870
12870
13070
13070
13270
13270
13430
13560
13870
14340
14590
14600
14670
14740
15250
15510
15660
15850
15950
16010
16240
16270
16510
16700
16760
17050
17140
17450
17620
17650
18140
18540
18670
18920
19110
19470
19520
20340
21070
21130
22280
23470
23500
23510
23660
24160
24330
24960
25050
25490
27030
28010
29580
32920
2340
2530
2980
3020
3020
3020
3110
3330
3480
3480
3740
4020
4080
4080
4080
4140
4280
4280
4360
4360
4420
4480
4550
4550
4680
4680
4680
4680
4680
4680
4680
4680
4740
4870
4880
4880
4880
4880
4880
4880
4940
4940
4940
4940
4950
4990
5080
5080
5080
5120
5140
5140
5140
5280
5370
5390
5420
5460
5480
5480
5480
5480
5480
5480
5480
5480
5680
5770
5980
6080
6280
6370
6480
6490
6590
6670
6820
7110
7110
7110
7270
7280
7710
7750
7850
8090
8370
8670
8850
8920
9030
11900
13830
13900
14570
15710
15770
17490
19780
21340
