820
1720
1910
2000
2160
2180
2230
2330
2340
2430
2430
2530
2540
2570
2580
2580
2590
2620
2650
2670
2680
2740
2770
2810
2810
2830
2850
2860
2890
2890
2920
2920
2940
2960
2970
2990
3010
3040
3040
3040
3060
3080
3090
3090
3090
3090
3090
3090
3090
3120
3120
3130
3140
3140
3150
3170
3220
3230
3240
3240
3250
3270
3290
3290
3290
3290
3290
3290
3320
3320
3340
3340
3350
3350
3370
3370
3380
3390
3400
3410
3410
3420
3420
3440
3440
3450
3470
3490
3490
3490
3490
3490
3490
3490
3490
3520
3540
3550
3580
3580
3630
3630
3650
3670
3670
3690
3690
3690
3690
3690
3690
3690
3730
3750
3760
3770
3770
3770
3790
3810
3810
3830
3830
3830
3830
3830
3890
3890
3900
3940
3940
3950
3950
3960
3960
3970
3990
4010
4020
4020
4030
4040
4060
4090
4090
4090
4100
4100
4120
4120
4130
4140
4140
4170
4170
4170
4170
4180
4190
4190
4230
4250
4290
4290
4290
4290
4320
4350
4390
4390
4390
4410
4410
4420
4420
4420
4430
4430
4480
4480
4490
4490
4500
4500
4500
4530
4550
4570
4570
4580
4600
4630
4630
4670
4670
4680
4690
4730
4740
4770
4800
4820
4820
4830
4830
4840
4840
4860
4890
4900
4900
4910
4930
4940
4940
4950
4950
4960
4970
4970
4980
4990
4990
4990
5000
5010
5030
5030
5040
5040
5050
5070
5080
5090
5090
5090
5100
5100
5110
5120
5120
5120
5130
5160
5160
5170
5180
5180
5180
5210
5230
5250
5250
5290
5300
5310
5320
5330
5330
5330
5340
5340
5360
5370
5390
5390
5390
5390
5400
5400
5420
5430
5440
5460
5470
5470
5470
5490
5490
5490
5500
5510
5520
5530
5530
5530
5550
5570
5580
5590
5590
5590
5620
5630
5630
5630
5640
5640
5640
5650
5650
5680
5700
5700
5700
5710
5710
5720
5730
5730
5730
5740
5760
5780
5790
5800
5800
5810
5810
5810
5810
5830
5830
5830
5840
5850
5860
5860
5880
5880
5890
5900
5920
5920
5920
5920
5930
5940
5940
5960
5960
5960
5960
5980
5990
5990
6020
6030
6040
6050
6050
6070
6080
6080
6090
6100
6110
6140
6170
6180
6190
6190
6210
6220
6220
6230
6260
6260
6270
6290
6290
6300
6300
6310
6330
6340
6350
6350
6350
6360
6360
6370
6380
6400
6410
6420
6430
6440
6450
6470
6480
6480
6490
6490
6500
6500
6520
6530
6540
6540
6540
6550
6550
6550
6570
6580
6580
6580
6590
6590
6600
6610
6650
6660
6660
6670
6670
6680
6680
6680
6690
6690
6690
6720
6740
6760
6770
6770
6780
6780
6780
6790
6790
6800
6810
6830
6870
6890
6900
6900
6900
6920
6920
6930
6930
6940
6940
6950
6950
6950
6960
6980
6980
6980
6990
6990
7000
7020
7030
7030
7050
7090
7090
7100
7100
7120
7120
7140
7140
7160
7170
7180
7200
7200
7220
7230
7260
7290
7300
7300
7330
7340
7350
7350
7360
7360
7370
7380
7390
7400
7400
7410
7410
7420
7420
7420
7430
7430
7430
7460
7470
7470
7490
7500
7500
7500
7500
7510
7540
7560
7570
7570
7570
7580
7600
7610
7610
7620
7620
7630
7630
7640
7670
7680
7680
7690
7690
7700
7710
7710
7710
7730
7730
7740
7740
7770
7770
7770
7770
7770
7780
7800
7800
7840
7860
7890
7890
7930
7940
7980
8010
8010
8020
8040
8050
8080
8090
8090
8090
8090
8110
8150
8150
8170
8190
8200
8210
8220
8230
8240
8250
8260
8270
8280
8280
8280
8280
8290
8300
8300
8310
8330
8330
8340
8380
8390
8400
8400
8480
8480
8480
8500
8500
8510
8540
8550
8580
8590
8600
8610
8630
8630
8660
8660
8670
8680
8690
8710
8710
8710
8720
8740
8750
8750
8770
8790
8800
8820
8850
8860
8870
8870
8870
8890
8890
8900
8910
8920
8950
8960
8960
8960
8970
8970
8980
8980
8980
8980
8990
9000
9000
9010
9030
9050
9060
9070
9110
9110
9140
9140
9140
9170
9230
9250
9290
9310
9360
9370
9380
9380
9420
9430
9440
9460
9460
9490
9510
9520
9540
9540
9540
9560
9570
9580
9590
9590
9600
9600
9600
9620
9660
9670
9680
9690
9730
9730
9730
9730
9740
9750
9750
9750
9760
9760
9760
9770
9770
9780
9790
9820
9840
9840
9880
9880
9890
9890
9900
9900
9930
9940
9960
9960
9980
10040
10090
10210
10290
10430
10460
10550
10600
10610
10610
10620
10650
10660
10760
10850
10880
10890
10890
10890
10900
10950
10960
10970
11000
11000
11060
11070
11070
11090
11130
11130
11180
11200
11200
11250
11270
11280
11290
11320
11320
11400
11440
11490
11520
11530
11690
11700
11710
11770
11770
11850
11870
11880
11890
11910
11940
11940
11950
12000
12010
12080
12090
12110
12140
12220
12250
12250
12300
12330
12340
12360
12400
12410
12450
12470
12480
12490
12500
12510
12540
12550
12570
12590
12600
12640
12660
12690
12690
12700
12700
12710
12720
12740
12760
12760
12800
12810
12810
12860
12880
12910
12950
12950
12960
12970
13010
13030
13060
13070
13090
13180
13200
13250
13290
13340
13350
13360
13370
13390
13400
13420
13430
13490
13510
13560
13560
13560
13570
13590
13590
13610
13640
13670
13690
13730
13740
13770
13770
13770
13830
13870
13870
13870
13890
13920
13920
13930
13930
13930
13990
14000
14020
14020
14040
14060
14090
14100
14140
14190
14190
14220
14240
14240
14390
14390
14500
14510
14520
14530
14560
14590
14650
14660
14670
14670
14700
14770
14790
14790
14820
14820
14940
14950
14950
14950
14970
15020
15030
15030
15040
15060
15070
15080
15090
15150
15180
15180
15190
15230
15250
15270
15300
15310
15320
15370
15390
15400
15400
15640
15710
15810
15820
15870
15870
16000
16030
16030
16040
16160
16200
16300
16320
16330
16340
16390
16460
16460
16460
16520
16550
16580
16600
16750
16790
16820
16870
16970
17050
17190
17210
17210
17500
17590
17670
17710
17710
17710
18030
18060
18230
18270
18270
18280
18320
18350
18460
18480
18690
19350
19500
19570
19580
19600
19760
19970
20120
20190
20270
20300
20380
20410
20510
20680
20750
20840
20920
21030
21530
21830
22080
22630
23000
24070
24250
25010
26290
32330
