2060
2280
2500
2530
2890
2890
3160
3230
3290
3440
3450
3470
3480
3520
3540
3600
3890
3940
4010
4080
4090
4110
4430
4460
4520
4560
4600
4710
4930
4930
5070
5220
5360
5440
5510
5600
5620
5680
5870
6020
6040
6040
6170
6220
6330
6410
6640
6680
6880
7030
7200
7320
7420
7470
7530
7610
7860
7980
8040
8070
8130
8210
8230
8450
8510
8590
8610
8910
8930
9260
9310
9480
9500
9500
9790
9840
9940
11440
11810
12170
12290
13000
13020
13280
13620
13990
14300
14860
15290
16080
16180
16260
16980
17120
18540
19100
19950
21130
22290
23400
2630
2670
2990
3010
3020
3090
3140
3170
3290
3690
3710
3730
3770
3870
3890
3970
3970
4040
4090
4100
4140
4250
4480
4510
4560
4590
4670
5180
5220
5230
5240
5490
5620
5660
5670
5770
5870
5960
5960
5990
5990
6030
6100
6220
6250
6370
6380
6430
6800
7070
7150
7460
7540
7660
7740
7880
7960
7980
8320
8320
8460
8480
8520
8740
8770
8780
8900
9000
9010
9220
9390
9870
9980
9980
10870
10890
10960
11240
11990
12050
12120
12210
12620
12670
12730
13160
13340
13740
13930
14140
14150
14320
15470
15710
16990
17560
18150
18310
19710
19880
1800
2610
2790
3110
3170
3390
3540
3760
3790
3870
3910
4020
4150
4180
4330
4370
4370
4380
4460
4490
4490
4520
4560
4810
4980
5380
5400
5510
5560
5570
5620
5680
5820
5910
5970
6000
6050
6320
6350
6520
6570
6760
6860
6910
7000
7080
7090
7100
7110
7360
7570
7660
7780
7880
7910
8020
8240
8330
8390
8450
8470
8500
8560
8560
8780
8880
8910
9050
9160
9160
9200
9200
9380
9450
9480
9510
9920
10360
10460
10560
10670
11030
11140
11530
11650
11700
11700
12070
12860
13050
13100
13390
13570
14220
14890
14910
15790
15950
16120
20980
2350
2730
2940
2950
3040
3040
3180
3300
3480
3540
3690
3740
3930
3940
4130
4170
4290
4430
4570
4730
4890
5140
5320
5380
5420
5420
5430
5680
5750
5790
5850
5970
6040
6110
6300
6380
6400
6430
6430
6740
6840
6850
6880
6880
6940
7200
7250
7280
7480
7660
7750
7920
8130
8210
8490
8580
8780
8860
8920
8980
9040
9390
9640
9680
9820
9880
9900
9910
10180
10970
11280
11430
11550
12100
12140
12150
12420
12650
12740
13050
13070
13650
13740
14230
14630
14640
14830
14880
15180
15370
15680
15930
16040
16170
16870
17840
18280
18380
19890
20520
2500
2680
2690
2770
2850
2870
3010
3150
3190
3230
3250
3290
3290
3410
3430
3430
3690
3810
3830
3850
3860
3910
3980
4290
4480
5010
5130
5230
5290
5340
5470
5490
5530
5690
5710
5990
6140
6290
6350
6380
6440
6520
6610
6620
6730
6920
6920
6960
6980
7030
7070
7130
7310
7490
7760
8190
8250
8330
8470
8490
8770
8780
8870
8880
9030
9040
9350
9420
9490
9760
9770
9900
10320
10340
10490
10600
10690
11130
11140
11160
11470
11970
12290
12360
12410
12690
12740
12770
12940
13170
14060
14480
14520
14670
15040
16030
19060
19880
19990
22480
1850
2450
3800
6940
6980
6980
9890
13540
15900
20770
4930
5200
5360
5450
6470
7920
10990
11270
12990
13560
3070
3160
4040
5590
6220
6330
7280
8440
14070
19460
2460
2650
2940
3060
3090
3250
3320
3390
3470
3470
3690
3740
3740
3780
3990
4000
4010
4150
4150
4250
4440
4490
4760
4810
4820
4930
4970
5060
5090
5180
5190
5290
5450
5490
5580
5630
5790
5900
5920
5950
6020
6110
6270
6340
6560
6640
6660
6730
6770
6870
6900
7120
7130
7160
7260
7290
7460
7600
7830
7850
8090
8150
8330
8920
8980
9190
9330
9660
9840
9890
10000
10270
10400
10490
11250
11770
12310
12690
12730
12870
13020
13190
13500
13700
13750
13860
14010
14580
14660
14870
15150
15250
15890
17120
17120
17280
17390
19630
20060
25300
