1430
1550
1640
1750
1790
1830
1880
1930
1960
1970
2020
2040
2130
2140
2160
2180
2240
2280
2280
2300
2310
2310
2320
2340
2390
2400
2410
2410
2430
2440
2440
2450
2450
2450
2450
2460
2460
2460
2490
2490
2500
2510
2520
2530
2530
2540
2540
2570
2570
2590
2590
2610
2620
2650
2680
2690
2700
2710
2720
2730
2740
2740
2750
2750
2760
2780
2780
2800
2810
2840
2840
2850
2860
2870
2870
2890
2890
2900
2900
2900
2910
2920
2920
2930
2930
2930
2930
2940
2940
2940
2940
2950
2950
2950
2960
2960
2970
2980
2980
2980
2990
2990
2990
3000
3010
3030
3030
3030
3040
3070
3090
3090
3090
3090
3090
3090
3090
3090
3120
3120
3130
3130
3140
3140
3150
3150
3150
3150
3150
3160
3160
3170
3170
3170
3180
3180
3190
3200
3210
3220
3220
3230
3240
3240
3240
3250
3270
3280
3280
3290
3290
3290
3290
3300
3320
3340
3340
3340
3340
3340
3350
3350
3350
3350
3350
3360
3360
3360
3360
3360
3370
3370
3370
3370
3370
3370
3370
3380
3390
3390
3390
3390
3400
3410
3430
3440
3450
3450
3460
3460
3470
3470
3470
3490
3490
3490
3490
3490
3490
3500
3510
3520
3520
3520
3520
3530
3540
3540
3540
3550
3550
3550
3550
3550
3550
3570
3570
3580
3580
3580
3590
3590
3620
3630
3630
3630
3650
3650
3650
3650
3680
3690
3690
3690
3690
3690
3690
3690
3690
3700
3700
3720
3730
3730
3740
3740
3750
3750
3750
3750
3750
3750
3750
3760
3760
3760
3760
3770
3770
3780
3780
3780
3780
3780
3790
3800
3810
3820
3830
3830
3830
3840
3840
3850
3850
3850
3850
3850
3870
3890
3890
3890
3890
3900
3900
3910
3920
3920
3930
3930
3940
3940
3940
3950
3950
3950
3950
3960
3960
3960
3970
3970
3980
3980
3990
3990
3990
4000
4030
4030
4030
4030
4030
4040
4060
4060
4080
4080
4080
4090
4090
4100
4110
4120
4120
4130
4140
4140
4150
4150
4150
4150
4150
4170
4170
4170
4170
4180
4180
4190
4190
4190
4200
4200
4220
4220
4230
4240
4240
4240
4250
4250
4270
4290
4290
4290
4290
4290
4290
4290
4290
4290
4290
4290
4300
4310
4310
4310
4320
4320
4330
4330
4350
4350
4350
4350
4360
4360
4360
4390
4390
4390
4390
4390
4420
4420
4430
4430
4430
4430
4450
4460
4470
4490
4490
4490
4490
4500
4500
4500
4520
4520
4520
4530
4540
4540
4540
4550
4550
4560
4580
4580
4580
4590
4600
4610
4630
4630
4630
4640
4640
4650
4650
4680
4690
4690
4690
4690
4690
4700
4740
4740
4750
4750
4750
4760
4770
4780
4790
4790
4790
4810
4820
4830
4830
4830
4830
4830
4830
4840
4860
4890
4890
4910
4910
4920
4940
4940
4950
4960
4960
4960
4990
4990
4990
5000
5010
5010
5020
5020
5020
5030
5030
5030
5030
5040
5050
5090
5090
5110
5110
5110
5120
5130
5170
5170
5170
5170
5180
5210
5210
5220
5220
5220
5230
5230
5240
5240
5240
5260
5270
5270
5280
5290
5310
5310
5310
5330
5330
5350
5360
5370
5380
5380
5400
5400
5410
5420
5420
5420
5430
5440
5480
5490
5510
5510
5510
5510
5520
5540
5550
5550
5560
5570
5570
5590
5590
5600
5620
5640
5650
5670
5680
5680
5690
5690
5690
5690
5710
5710
5710
5720
5720
5730
5740
5750
5750
5750
5760
5760
5780
5780
5780
5780
5780
5780
5790
5800
5810
5850
5860
5880
5900
5900
5900
5920
5920
5930
5950
5960
5960
5970
5980
6000
6030
6060
6070
6090
6090
6100
6100
6100
6110
6110
6120
6120
6140
6140
6150
6150
6160
6160
6180
6220
6220
6220
6220
6240
6240
6240
6250
6250
6250
6270
6270
6270
6280
6320
6320
6340
6340
6340
6350
6350
6360
6360
6360
6370
6380
6420
6450
6450
6450
6460
6460
6460
6460
6460
6480
6490
6510
6520
6540
6550
6550
6570
6570
6570
6590
6590
6590
6590
6620
6630
6650
6660
6660
6660
6670
6670
6680
6680
6690
6720
6730
6740
6740
6750
6770
6780
6780
6780
6790
6800
6830
6850
6850
6850
6860
6860
6860
6880
6900
6900
6900
6900
6900
6930
6950
6960
6960
6980
6990
7000
7000
7010
7020
7020
7020
7030
7030
7060
7080
7090
7100
7110
7110
7120
7140
7140
7140
7150
7160
7160
7180
7180
7180
7190
7190
7220
7220
7220
7230
7260
7280
7290
7310
7310
7320
7320
7350
7350
7360
7370
7380
7390
7400
7460
7500
7500
7500
7510
7510
7550
7560
7560
7560
7570
7570
7580
7580
7610
7660
7670
7690
7700
7740
7780
7780
7790
7820
7850
7850
7880
7880
7890
7900
7900
7910
7930
7930
7950
7950
7970
7980
8000
8020
8030
8090
8120
8160
8170
8170
8230
8250
8300
8300
8300
8330
8360
8370
8380
8400
8410
8420
8420
8440
8440
8460
8460
8480
8510
8520
8560
8560
8560
8580
8600
8600
8630
8670
8670
8680
8700
8750
8760
8780
8790
8800
8850
8880
8890
8900
8900
8930
8930
8940
8950
8950
8980
9020
9070
9100
9130
9130
9150
9150
9170
9170
9200
9210
9250
9250
9260
9260
9290
9300
9350
9350
9360
9360
9370
9410
9410
9470
9470
9500
9550
9590
9600
9630
9630
9650
9680
9700
9710
9770
9770
9780
9780
9780
9800
9860
9890
9890
9920
9980
10120
10330
10400
10400
10490
10510
10530
10720
10720
10760
10930
10950
10980
10990
11000
11300
11340
11370
11400
11430
11430
11500
11530
11560
11680
11710
11730
11760
11800
11860
11860
11900
11910
11920
11980
12060
12060
12070
12120
12140
12150
12170
12210
12290
12300
12330
12330
12360
12360
12360
12410
12450
12530
12540
12540
12580
12610
12640
12660
12660
12700
12700
12720
12750
12830
12860
12860
12900
12900
12910
12960
13070
13170
13250
13360
13430
13540
13560
13570
13610
13640
13660
13840
13920
14000
14240
14280
14560
14740
14760
15070
15140
15190
15220
15300
15430
15650
15740
15750
15900
16040
16060
16340
16520
16560
16610
16620
16740
16870
17490
17790
18780
19760
19940
20480
20510
20730
21010
21010
21060
21270
21320
24020