2100
2540
3140
3220
3360
3380
3470
3550
3690
3850
3890
4090
4100
4170
4210
4390
4390
4560
4630
4670
4880
4890
4930
4940
4990
5160
5160
5290
5310
5400
5510
5720
5880
5890
6020
6070
6380
6540
6590
6630
6690
6720
6970
6970
7090
7270
7280
7330
7380
7510
7530
7680
7710
7830
7860
7890
8020
8360
8440
8580
8840
8990
9140
9180
9190
9550
9760
9850
9880
10300
10720
11500
11580
11590
11780
12140
12200
12210
12250
12350
12680
12900
13070
13370
13470
13540
14330
14610
14820
14850
14890
15420
15550
15840
15870
15880
16390
17470
19120
20360
