1450
1690
1910
1960
2200
2230
2240
2240
2270
2310
2330
2490
2500
2580
2630
2640
2650
2660
2690
2700
2700
2700
2720
2740
2740
2740
2780
2780
2790
2800
2820
2840
2840
2840
2840
2870
2870
2880
2890
2890
2890
2890
2910
2910
2910
2910
2920
2920
2940
2940
2940
2940
2940
2950
2970
2980
2980
2980
2980
2980
2990
3040
3040
3070
3090
3090
3090
3090
3140
3160
3160
3170
3190
3200
3210
3210
3230
3240
3250
3260
3260
3270
3270
3270
3280
3290
3290
3290
3290
3290
3290
3320
3330
3340
3340
3340
3350
3350
3360
3360
3360
3360
3380
3380
3380
3400
3420
3420
3440
3480
3490
3490
3490
3490
3490
3490
3490
3490
3510
3530
3530
3540
3550
3550
3550
3560
3560
3570
3570
3570
3580
3580
3580
3590
3600
3610
3630
3630
3630
3690
3690
3690
3710
3710
3720
3740
3740
3740
3740
3750
3750
3760
3760
3760
3780
3790
3800
3800
3810
3830
3830
3830
3860
3860
3870
3890
3890
3890
3890
3890
3910
3920
3940
3940
3940
3950
3950
3950
3960
3980
3980
3990
3990
3990
4000
4010
4010
4010
4030
4040
4040
4040
4050
4050
4070
4070
4070
4090
4090
4090
4090
4090
4090
4090
4090
4090
4090
4090
4100
4100
4120
4120
4130
4130
4150
4150
4160
4170
4190
4190
4200
4210
4240
4250
4260
4270
4290
4290
4290
4300
4320
4330
4340
4340
4340
4340
4350
4350
4370
4370
4380
4380
4390
4410
4410
4420
4430
4430
4440
4450
4460
4470
4470
4470
4470
4490
4490
4510
4540
4540
4560
4560
4570
4580
4580
4590
4630
4640
4640
4670
4690
4690
4690
4690
4700
4710
4720
4720
4740
4750
4750
4760
4770
4770
4770
4780
4780
4780
4780
4780
4810
4820
4830
4830
4830
4830
4840
4860
4860
4870
4890
4890
4890
4890
4900
4910
4920
4920
4930
4970
4970
4980
4990
4990
5010
5030
5030
5030
5060
5060
5080
5080
5080
5090
5100
5100
5110
5120
5120
5140
5140
5150
5160
5170
5190
5190
5200
5210
5220
5230
5230
5230
5230
5230
5240
5300
5310
5320
5340
5350
5350
5360
5380
5390
5410
5420
5420
5440
5460
5460
5470
5470
5480
5480
5480
5490
5490
5490
5490
5500
5510
5510
5520
5530
5540
5540
5550
5560
5560
5560
5560
5590
5590
5630
5640
5660
5660
5670
5680
5680
5690
5700
5710
5720
5730
5730
5740
5760
5780
5790
5790
5790
5800
5800
5810
5820
5830
5830
5840
5840
5860
5860
5860
5870
5870
5880
5890
5910
5920
5940
5940
5950
5960
5960
5970
5970
5970
5980
5990
5990
6000
6010
6010
6010
6050
6060
6070
6070
6080
6090
6100
6110
6130
6140
6170
6170
6180
6190
6190
6190
6210
6220
6230
6230
6230
6230
6240
6250
6260
6260
6270
6270
6280
6290
6300
6310
6310
6310
6320
6320
6320
6330
6340
6340
6350
6360
6380
6380
6380
6380
6390
6390
6410
6430
6430
6430
6450
6450
6460
6460
6460
6460
6470
6480
6490
6490
6490
6490
6490
6500
6530
6530
6540
6550
6560
6560
6570
6570
6590
6630
6640
6640
6650
6660
6680
6720
6730
6750
6750
6770
6770
6770
6780
6800
6800
6820
6830
6830
6870
6930
6940
6960
6960
6970
6990
6990
7000
7010
7020
7020
7060
7070
7080
7080
7090
7090
7090
7090
7100
7120
7130
7130
7140
7150
7160
7160
7170
7180
7210
7230
7240
7260
7290
7290
7300
7310
7330
7340
7340
7340
7350
7360
7370
7380
7390
7400
7410
7420
7430
7430
7430
7440
7440
7460
7470
7470
7510
7520
7520
7540
7550
7550
7560
7570
7570
7570
7580
7580
7600
7610
7640
7650
7660
7660
7670
7680
7690
7690
7700
7700
7700
7700
7710
7720
7730
7730
7740
7760
7760
7760
7770
7770
7780
7800
7810
7810
7820
7820
7830
7830
7840
7840
7840
7870
7880
7880
7890
7910
7910
7930
7940
7950
7950
7960
7970
7980
7980
7990
8030
8030
8100
8100
8110
8120
8120
8140
8140
8170
8170
8170
8170
8200
8220
8230
8230
8240
8250
8270
8280
8300
8310
8320
8340
8340
8350
8350
8350
8360
8370
8400
8400
8420
8470
8470
8480
8530
8540
8550
8550
8560
8560
8560
8580
8600
8600
8600
8610
8610
8620
8640
8670
8680
8690
8700
8700
8710
8730
8760
8760
8790
8830
8840
8890
8910
8940
8950
8980
8990
9000
9020
9030
9040
9040
9060
9080
9080
9090
9100
9120
9120
9130
9130
9130
9150
9160
9160
9170
9180
9180
9200
9230
9240
9270
9270
9280
9290
9310
9340
9370
9380
9390
9400
9450
9470
9470
9490
9510
9520
9520
9550
9550
9560
9560
9560
9570
9570
9570
9580
9580
9590
9590
9620
9620
9640
9660
9690
9700
9720
9730
9730
9730
9750
9800
9800
9800
9840
9890
9900
9910
9910
9920
9930
9960
9960
9960
9970
9990
10080
10090
10170
10290
10290
10290
10360
10490
10510
10530
10580
10600
10600
10620
10670
10680
10690
10760
10790
10870
11090
11100
11100
11160
11160
11230
11290
11310
11330
11340
11470
11480
11490
11490
11540
11550
11550
11640
11680
11680
11690
11730
11780
11790
11820
11840
11940
11950
12010
12150
12150
12150
12190
12210
12240
12300
12330
12340
12470
12480
12570
12570
12600
12620
12620
12630
12650
12660
12700
12710
12740
12800
12800
12850
12870
12880
12890
12920
12930
12940
12940
12940
12970
12970
13000
13090
13130
13300
13300
13320
13330
13350
13370
13400
13440
13490
13580
13600
13610
13620
13670
13770
13790
13830
13830
13840
14120
14120
14120
14130
14130
14220
14270
14290
14340
14390
14390
14400
14430
14460
14470
14520
14530
14530
14660
14680
14690
14710
14720
14740
14800
14800
14870
14930
15020
15020
15040
15070
15070
15080
15100
15140
15170
15270
15310
15470
15490
15530
15640
15680
15680
15680
15690
15700
15800
15860
15930
15950
15960
16050
16090
16140
16140
16220
16230
16340
16370
16400
16510
16510
16630
16690
16720
16880
16950
17120
17190
17220
17300
17390
17420
17480
17680
17840
17860
17900
17990
18450
18640
18670
18740
18810
18830
18860
19250
19940
21240
21320
21920
22510
22630
26540
27490
